F=[3 4*2.55 68/16 45 nthroot(110,3) cosd(25) 0.05]
G=[32/(3.2^2) sind(35)^2 6.1 log(29^2) 0.00552 log(29)^2 133]'
linspace(2,5)